9.547930359840393066e-01
-1.466080844402313232e-01
-3.804006874561309814e-01
-4.714815616607666016e-01
1.151342511177062988e+00
4.269473552703857422e-01
-8.799368888139724731e-02
4.360226094722747803e-01
-1.207081601023674011e-02
7.360443472862243652e-01
6.494773626327514648e-01
3.168211504817008972e-02
8.925325274467468262e-01
1.468225270509719849e-01
-2.071963995695114136e-01
-1.311922371387481689e-01
8.813987374305725098e-01
1.029483318328857422e+00
1.785074025392532349e-01
1.253710031509399414e+00
-7.883318662643432617e-01
4.983321130275726318e-01
9.402672648429870605e-01
9.221066236495971680e-01
9.550213068723678589e-02
4.297647476196289062e-01
2.111015021800994873e-01
-6.813946962356567383e-01
-3.877566456794738770e-01
3.020920455455780029e-01
-6.654404401779174805e-01
4.423238039016723633e-01
7.166434526443481445e-01
-8.538537025451660156e-01
7.836306095123291016e-01
5.878629088401794434e-01
-9.958629012107849121e-01
2.142497450113296509e-01
-1.378605216741561890e-01
8.377575874328613281e-01
4.853144660592079163e-02
8.508372902870178223e-01
7.047331929206848145e-01
8.359677791595458984e-01
-9.061448276042938232e-02
6.878473162651062012e-01
1.896837055683135986e-01
7.373605966567993164e-01
-6.746333837509155273e-02
4.066667258739471436e-01
