1.435428708791732788e-01
8.882735967636108398e-01
1.085640192031860352e-01
-2.616065740585327148e-01
5.999560356140136719e-01
-6.137072294950485229e-02
-8.332545310258865356e-02
-3.036842644214630127e-01
-8.984274230897426605e-03
6.418040394783020020e-02
1.000156879425048828e+00
-6.074356436729431152e-01
5.154946446418762207e-01
2.528002560138702393e-01
2.741141319274902344e-01
1.384320762008428574e-02
6.686974316835403442e-02
3.386112153530120850e-01
-2.512417435646057129e-01
6.488546729087829590e-01
-5.230219289660453796e-02
3.347667306661605835e-02
-2.306418120861053467e-02
1.838530451059341431e-01
2.673786878585815430e-01
8.829854130744934082e-01
2.944860756397247314e-01
-3.886957094073295593e-02
4.663389325141906738e-01
1.694781482219696045e-01
1.709035485982894897e-01
-1.517234295606613159e-01
-1.986490339040756226e-01
7.787891477346420288e-02
2.037703394889831543e-01
-2.736948728561401367e-01
-1.131500825285911560e-01
1.196662709116935730e-01
-3.692894876003265381e-01
6.147557497024536133e-01
-4.938549175858497620e-02
1.922571510076522827e-01
-2.165334373712539673e-01
6.311142444610595703e-01
-1.159128993749618530e-01
-1.880434304475784302e-01
2.046750783920288086e-01
6.761775016784667969e-01
-1.212266013026237488e-01
1.237354800105094910e-01
