5.616408348083496094e+00
1.145184040069580078e-01
-5.551198005676269531e+00
-7.263709604740142822e-02
-4.972098395228385925e-02
-1.031911134719848633e+00
-9.167621135711669922e-01
-8.012160658836364746e-01
-1.032154083251953125e+00
5.314763069152832031e+00
1.602319121360778809e+00
-9.199785590171813965e-01
1.321451306343078613e+00
1.374545931816101074e+00
1.253159523010253906e+00
-4.347702026367187500e+00
5.187988281250000000e+00
1.110779270529747009e-01
-9.111787796020507812e+00
-3.754196316003799438e-02
6.810955524444580078e+00
-5.799231529235839844e+00
5.426791906356811523e-01
-1.873166561126708984e-01
5.812942028045654297e+00
7.314954996109008789e-01
4.164605736732482910e-01
-6.705532550811767578e+00
1.143455505371093750e+00
5.706027984619140625e+00
4.139840602874755859e-01
-1.155901670455932617e+00
-3.650215148925781250e+00
7.481820106506347656e+00
3.159549832344055176e-01
5.703189373016357422e-01
-8.095502853393554688e-02
2.579606473445892334e-01
-2.570088207721710205e-01
1.167778849601745605e+00
-4.719213962554931641e+00
1.878693103790283203e-01
-7.618130683898925781e+00
1.256440766155719757e-02
-8.257198333740234375e-01
-4.227581024169921875e+00
4.463455677032470703e+00
1.432827949523925781e+00
-5.231061577796936035e-01
1.453251481056213379e+00
